1 0 0 0 0 0 0 0 0 0 # 4 for 0; 0 for 1
0.99 0.01 0 0 0 0 0 0 0 0 # 4 for 0; 3-2 for 0.01; 0 for 0.9
0.98 0.01 0.01 0 0 0 0 0 0 0 # 4 for 0; 3-2 for 0.01; 0 for 0.9
0.999 0.001 0 0 0 0 0 0 0 0 # 4 for 0; 3 for 0.001; 0 for 0.9
0.998 0.001 0.001 0 0 0 0 0 0 0 # 4 for 0; 3 for 0.001; 0 for 0.9
0.9999 0.0001 0 0 0 0 0 0 0 0 # 4 for 0; 3 for 0.0001; 0 for 0.9
0.9998 0.0001 0.0001 0 0 0 0 0 0 0 # 4 for 0; 3 for 0.0001; 0 for 0.9
0.8 0.1 0.1 0 0 0 0 0 0 0 # 4 for 0; 3-1 for 0.1l 0 for 0.8
0.7 0.1 0.1 0.1 0 0 0 0 0 0
0.6 0.1 0.1 0.1 0.1 0 0 0 0 0
0.5 0.1 0.1 0.1 0.1 0.1 0 0 0 0
0.4 0.1 0.1 0.1 0.1 0.1 0.1 0 0 0 # 1 for 0.4; 2 for 0.1; 4 for 0
0.3 0.1 0.1 0.1 0.1 0.1 0.1 0.1 0 0
0.2 0.1 0.1 0.1 0.1 0.1 0.1 0.1 0.1 0
0.2 0.2 0.2 0.2 0.2 0 0 0 0 0
0.19 0.19 0.19 0.19 0.19 0.05 0 0 0 0
0.19 0.19 0.19 0.19 0.19 0.01 0.01 0.01 0.01 0.01
0.25 0.25 0.25 0.25 0 0 0 0 0 0
0.24 0.24 0.24 0.24 0.04 0 0 0 0 0
0.33 0.33 0.33 0.01 0 0 0 0 0 0
0.5 0.5 0 0 0 0 0 0 0 0
0.49 0.49 0.01 0.01 0 0 0 0 0 0
0.9 0.1 0 0 0 0 0 0 0 0 # 4 for 0; 3-1 for 0.1; 0 for 0.9
0.2 0.1 0.1 0.1 0.1 0.1 0.1 0.1 0.1 0 # 4 for 0; 1 for 0.1; 1-0 for 0.2
0.1 0.1 0.1 0.1 0.1 0.1 0.1 0.1 0.1 0.1 # 1 for 0.1
1 0 0 0 0 0 0 0 0 0 # 4 for 0; 0 for 1
